$ANSIBLE_VAULT;1.1;AES256
30626166393062343665313664336633663435613334393666303636386436393863653764626330
3232393435343261666535323635346338383137366432320a386565666431646461656365646461
66316562346133306631313337626263653437386537343138386562313631326338333534663535
3863313866303566300a313865336663333337343761646436623332373232653962663864613335
63636466633638383130346265646466366535646534363765316530633866633531373038643737
63363939313866636564643030356563366436393639333537313530396534666435616235336466
30643139663964626338336561383136663063356330326564343431316331346664656432363734
62303737336231306437333534383661353339396463306234613937376463356632393932393963
38323031623837313861653762333737346163343363346331356465343132326363353531653462
37316363393637393166306633316239646533343063376665636162646638663435303266663031
30663739623732313034643732393231656239346238363861343837363261303736386261306635
38366464383532393138633533626163376437363831323161636661613764656537373164313863
30626132646639336335633233373231396431636533323462636361633935633031316637333839
31313334313837316232653737363531613132326337383830313963353332383764656566653064
65303636383935373762626165363133366430356432616639656261656135396163313834396235
35643937316131343662613739303166313330303235633633613933633731393138646161386464
30376562396532356138623734633863623733316630303363393933636335313138303861353236
61326539303662643335646433636334663133353964626336326666313732653066363636316239
37316463613139393838353261646465346334373833643131663835313964333138653534626661
63306637303661323363343466383762316639633430633133313336343861336162656336306332
36376436623837383132333931666131303635313766396639633239383033643061336638633337
66396134353134633138656635326138363838646136613330386337313438626263323534663034
34613062303335363639613738636261393764633064383630316530336139376439316335353539
30383435663366366164626466643539626135613264613435653163346365336261656131373433
35366661633331336162356466363238346637333962663336326336333532393934356363393230
30376333323766373165326238356336313261306438386130643139333436326531343531643266
35333661626361616530623131366166326330373531363933653463303632616265623136663738
30613832353337616331393362316538383334323166626334336634376364656439636633393665
65616632396130376331346533373637373962636162656266613463633863646538306332323334
62386638663234353864323134383039616136306436643431616265663037343466613764626338
35316263343636393564333632623830613935633466336635373462656436383030643863306265
61643531333834383264366435373133366439373633643266303033303632643430363565643064
61633963636639313838323466613332643963373632643865356435663164316238646133653431
38303766383061336262633434373666626334343563356438326362343635353166633766343933
36356661636331313965303965383263316437623062363263353036666632393038373732336135
32623462636464336138313737646238353266626133396138646235633861663934623233383331
66323834363339336231636163643639323937663666356265363630636238303933383338346335
31626263323330353638623161323132333630326231363166616437626438303339376139633461
30623166643935643634353035383332363239633334353730373062623736613038353465323361
32383738653731653938626134626132303933383931306465306462383733343930616536313062
32626435353766613035633963366331366366313639613366313232623762333962353833396363
64383431653866393563343431663064616130313161666430316530393035646239653266633737
32343335306233633730373565373639303436373536646432356461656533313634313532336666
38333332626634643830356434323364373431313433326362333161626362363866666261653765
65663535663366306161623861343133386461613731663961356336333636666530393730616237
65623361313563326366613533626131663164616431323864366130343638313961353361623832
37613034613063656665633230336431366162376564316536633939383766616264316339656639
35303664336263613138386465356432666533366630653235396462396466313062613234656234
61356261386139333664316465653665393761353166323261373432663365316234663736383631
61313866303131353237353534336536336266653762346361396638316535633261623731636133
64333734323738616530363630323163333437653538336233333038633461373762383130383930
34626339386331303136326330396233303535663935333965633561653833643632623163393631
36316463393362623831376636386265313835333937333535666533333266663763323839643066
66393965613764613362303430363662396339313733383433633536356230363033613763663936
33393861393164663532386134613036633366333732633239366331643562616235363930663562
34383639303335343266386462613037316635643861383235363333393465346634663431656531
66356263393465356636333262653830383636336665396365326333306436396263656334623966
36366163363632653633303763643332303264636461303866613566363437323665653531653831
34303662346337616233333938623562316564623636666637613438346364643737336364646262
30616265393963333261303335313264653431343363303932366230353630366131343766316166
65313866333036643065306365323263373064623931643933633432316634373334336664396330
38613532623130373364393335666232333530356361386165343361646631643132343933333735
61323639326535653566376138353538613062316663333331303538663464323264356263346330
37306565333132623538343431323164356362316233363439653336663438326661353933313861
38326661613335343839373836633066303531623266663738383237316530373363653336333739
64306664353264346332623064376362353237613033383434346238656639323732333930653466
33363066353233666535643565633166326561336233626638306138353636376233363563643333
63393634393631636430393034373864326561376165393538666161366166326638326634623430
66303164653739386662633839663338613139393235336239393665643931383661666363643666
64376436343261623839383837626230636333663435346531393030653561376334326531373866
62633039366239643632346665643963343061333562666661393333653538643064636231306239
33656531326361616562383330653531623636313937613832623931663636623163623361373535
38633135316364393662353461666665303038396337346461373562343230633732636161303266
66653463323630373832373437393066623133656664346338376132386262613133643763666434
61383762346532396630633664383537623436383036346330626464323736363839356134643462
61353431383638623637663331666435343239343239313430356239313633373464353065666234
39386162633535653737316236626235643065643232373161336264373237653836656134623235
30396266303936343664626532653131653131633731373862333734336330613061393866393032
30653532333633323433653862396536633836313664383331613064396238663833653036643366
37383139613266376532306434326630313837666138623463303032613737306637623233646432
66623561373430663232646536356661373161616662323837663631356136656438396465343065
34333236633339633133633031306464303966666661633934326461663061616237323633393939
33303731356437633633383863326330313235346232656132313464303033633765653961303831
61386261333965356135656165323262346336316539613663306464393936353433313362396164
37363261363362393133376361386266643539303762636663623334336132653961313137313830
37646564353432396339366336386230663438626533323766663733343038626663626461666264
63326665663134623932386161363531663261306261313161306534346232623734626432653830
36306661363963373565313738363731383738386639333334353736366638316665333663326363
39336434326433333436353330323431353236303334396664383961376461626235616461656133
62376539396366326438393963343339643130646561393832306639373637336463336337393862
65353535333463346639336365396266386131613534643934376662323661346337313537386430
39363132613865623634323763396365333936376562626132303634643236393162393438653134
35363439313734643362653164666235343838653763326561343939653733313263383861313934
39633634653635656361646239383830656336363238643966666136353930303539643334633130
61336335643938626330613436323234343730656332386536333838373339663039663933396131
65393366656338666333326463383164643336373965613865343330313962346263333838626530
36656362393430633736653665353232636232383864643163616465613137626463643966363434
63313735643033323364663063386639366564663638663331613936343665383461386366616431
35326237363835653862313064326638646663653432626630333230383730353965393166363563
35323935376534356132663763303633326535323937653963646536376132313963353534653066
65333939333365643561653664613163656365346539616430363235363534636465636338646231
33353830626433306533363431386134363430346633393236613536336564313835653734646364
62343436643762323839383332383931336163313264313862363464313064313961393133663432
37623234393733646233366536356664323339303139646265356362303161636261363064666339
66656466383463313664623461343532316138616432633936343135303732303364393861306538
39623732313231333435373061656563383338653063643037656362366139613364386336303963
35353863643338393564653361333336633037666662313839386238613933303739623331653834
63373834326636396233373735616433363661366632663633386233353635613665393737633462
66613531633665653439346564363963613564626439363636653864643135313433376564353539
64616338653039646132373664363564353865626632313861363136666262306638303236353862
38626366313436383965313733353931633433353263346536386333323730306466366238623939
34313836616534303638613264376330393638663765646630663764663561393565646566643332
34383231623663313336333936373034656530633161386464616237366463323930613237303338
61323365376436323964643835323733323535353434663465306130653432376231633836376461
38353334383664326138383063656434396230633633306161353731666134643131373031333934
36626131373733643161643736646135363731323237393466353265303663616535653866343435
34643961636635333731336239393334633538373539353736626664336262333435656162613832
65323366313466666364323666333361623463363633333734626164373165393133353061376661
62643138626132383565313636393563373230646135366530333533393131656333643533643163
65393766653338333264383666643636643665653438323531343939303764656462653762623734
34373837633161653061633261306364323062303634343062643638333338663934396432343866
39363936623233306163353963656638356637316430333565633632373131636463663832316239
37633133313235396437643439383263376130346637643634626436643964663031346262303065
38356165323466613433336238383466303165316363373133636331306530623130626236656337
38396534336237656165656435383535343434303866366162646134303763303638656263623736
33656661346466306233616332306462613038303965626361353232353966623439613063333133
31646439346164663962636339373832393130373066326533646364366237383433336164383233
62626532653666663461366630396662663030376535366365633863343035666338366162636565
39313437636334366238336561343965656432363839303661323966393530396564353837326133
64346635356163656437653662303464353238303130353463306666336131653962356431313661
37366438323062336538373966616562383636366336616433646139643065623135396462353933
63353663626634353037356238303235623433383365323437346136313863353430656230373536
30376136646539303863376535313030643031366137353165656162666361346435333837616364
36396362373766393362646637363538376532333435643738616538343834303231313666396237
30353865306536323061633638326263346432316663666433623437323337613636396231613038
63336435636565623738333966626537303738376537313762613161306637663761646633633135
66346664376135343530326435663138336662663134656131383632663666316261303831666532
39653334376536653736616439623630396362323466356531636238323735356664363033646261
66383364636433373432353639646437383630636366613961306432333735313361356335313962
37356163323037666438333463363836643462353166333165303665313463373734366437613336
31383035386235613865643237643031643362393062613131383766666531303531313735383430
64343731366336666331323236326564653461666334623434333835346462316339666464636330
31333764323066353262336630616130353533393432656432333631313530376462376438656639
62313663666338643439613764656535396335393037396663633539353733636435323436333963
38376566326138396363363066353939333039336639663663663130353239616162303063303061
61383936316262653130616633303236336234393164656135303839643761303139313366666561
33353431396465643731663630303132393062633638653365653637393033613664333530663335
33386466373463613665383761636434316139363532326434636164313665363432636232666464
38383334663131613261353761343630653363393831396161343332303630306264626665363966
38613462643666356362396366343438663530306635613735313462633639643733376335646464
32656534386431363465313032303133393761643434363465653464626564346561353037393263
65366166353562623964316136386131616337306231356638303064373461343566376565626536
64656636313338343862373063666537643030313933323335303264303231393864366561373466
35366534323133666539653662303338376332353633633831373166356364303236616236663838
38353336376330363763323039613636613664393732343361653061313965326630373431653664
35346162326531396361316131326334643839316264636239323033373734323062346166636134
63366464633236633635396139613936623135396265353762336334306562376266326233646137
31346132636238633933653061326665356265656534373136303561653436373730333435633333
63636435386238366538316636383961383035313132356137616166323232363232336337383934
62663539623030346236343339386362363230646561373265376166386131653734653031646333
63383063626663366265623838626530313635656562613561333562363433653032303534613565
36656665383237646430623661373766363031373833363461396163316139663364633862313261
64616231623139653162643166616462323763366539633862393131623864616433316133366532
65323965386362373831336530623264393434653461646239396563386163616361646665653662
62623366353861663239356436386636346264623631653831326363663134666163393530633332
32613565313961346461306165323732343538653230303734366464383330353839343539353634
35623234373261303634613136323136343464333933616666373330326130343038346535363539
62366664616362333234306431366431656662366361626436653638363462313661633032646238
39663232646165306237663139343639316635383833373233396163356638616562346662633331
38623364346538373661633231323035623661363566313865383962343536323062333762643135
30666536363562326534643030633433663539623832636430363764313832663262306437353832
37643139663361323639653939316535306139306133623034323766633536346138666433356635
33336231646465376139623766366432653566313036663731333465333035663932356235646430
33303339633763373062656237306239653261666635613562333963343461323763663266396335
64383762353435386362353631653732633764646336366438616364633666643565363934373961
35383634363637623630313634636330633031333863613664316630336462613334663765393961
30383464653735646162633635356661626631326634626430623033633338616436366634313362
31313337653232623030343162663837373561376133656134303934633761343563626335653862
64316461633336333863656130303165383739333039353135623866363831643963393232653932
30653262643662656532366431623766313661373632326335373662366162373262383561383564
66373438386334373465366634333762616365643131653261636465373137666631643566363666
35353163303637376630353466353039376162343331613662663036396338613962343562636434
38353039613230616561623231343865633432396236646363616166653238336632373662616565
31336661323436393032386237323736613739356239333331326663633163623434343363626330
37373338343838306664616337306366623834643739653133666535303034326639363466353034
38663437346237626632626138653634663736333834653762366466613438663734353266616266
31353939656437373266393332666235633166643337316639623536613833313063353766653334
38356436336532366164373262323339373862373732656239643437653036356266616138643333
35663065656639376333313333656231323464666636386561633832666236333533326437663235
65363233356136363461613766343936643030353833613762636437323130643239363861646635
33353334353736386639636531643334336634373633393965353963643832336431323433303363
38316265396161393066393564373166666461356265393636356461643662636565326465633464
65316234613639613561616434353761306137343733303662323138653735373364383932643161
63333363613138306662623235393531373637633261646237663765323531386333643161326232
30353831323830643864646433323661633937346536353537663964323666366539613431613762
63633835613464333436303663353262303266653936616535313435653665323763316161383164
35613831323738363237636438353465326534643631663866303730393937636364646531366332
63623034346661366238643235373966323465643863636630383565373436353330333664386233
32353337643262363631616537653064383035353764343836653537633935373639643832383939
62643664663134623339373966356663306565386536336265333432303063663439303936353732
62663361376339643961353662663762303231613566333734623664633837616139343061666566
32386238323461613934303064333764613034323934303934613564346430383162326361343538
38633264376166363263313434396461303732376563333733316666646634643736353138646537
36643330356232626564376137323436643566373136323938653366663936666539303636663438
39633535643438636461646433376232643437383964616639303834616530633762333134653165
35663166316539303939323934393230373465626663353338373135346366313761346532356638
65303333643662333731643632343034613839393164643733303463326662353037353839633365
61623163616361623539313563383132616539666463363865646565383765313866316163346434
37353634623064313635613533393263643762366436316236343763326537613231656131653862
66326334613834333138626632613561633633313961666235653831353061623464616464326265
32376634636239376561366236303736626533346633393539373230366133626139623235346639
38663736663963316432346437663835343864646564646537666636303438646536353330656336
63633833316135316430313462633535306135343264336165346437653533633131356634306531
38666261386362626533656630386535303830323535366535633163643539336233633036313166
39373064386261366633313066646135373138383438303265663164306134353764663732343330
38313862613863653766313531613162393861303432373365373633333265643939343739363334
61656565393063363231386139383837633638383831353633323338633736663466383035393639
66373132343531313966383064393736326537363432386232636639653636383734366166643165
64393633626366316531376265336437323664343832363435336165613730383538313631393064
32653432356464633234366534326636633364656264303163326231383539373365623863643861
65653566613837313833623636646233636237363166353561303835363738333562336161313231
62633034653064346537316231363861383364333166373463393038343437386464303630626133
63323435663661306335333365616632393763343366303166386661313161353438626532303763
30376137353964393163623335663430393532613939346364343234666661323137636261386337
62363065306263333039666530393433663137313066393964396664316662616637636137373766
34643130656237643566343761623163643230346164646430356163643064373865643163343764
62386630623139396236373837613761353935343334626262363864666332623839366366386664
64356334316365383564326332353338633765376361303966366136633330663966313036343732
66383064376563626439393261323363333362316562323162633239363161346462373635313062
33313061623365376530303235313838303733626332363131623638653738393261663163633164
31613739666534366333306135633033376364633839343430326662323863633062383432653632
38666161303763316536353463323266643133393966646563303436633761353962333065323362
35623834643432326365633531373334616236656230396366346361306265653331663233306636
61393837353937326631643533376636616439343464393236643639323930663537623338633731
33366265363936323134643537313530616562363261663036313436643562376438303934323838
32646566323163613666613233666662396531336431313034336333666633633664633332393063
66303037613564333766323662656166343838353066656430643162336562316463383966313932
63343132303561303766373038666136663931376661366431653534653235396232306333383164
61326539653131636232633462393739623233313561626430653136623261346666633335666339
64316435326437366263616663313565383765663263396532386130343266343630666632656365
66653836393763366263666539303833636431383139333265316265633230323534343332363361
38623663343766316239343731363562303731376435306230366536653331623930326138303635
61366437646462343835376339646333343038356538666630653738636362303333343166343963
63386231353330656162353431326637393262323766666138393135303138303635376662393462
36623336323766373361383530636662653531396633643035396339376635313536393561323963
65626665386235373763303538383035383466386135313365323063636664326334653434666230
65393033323936326532626364383039373131376439383161613232373936363336313363643632
64653162663731643436313534353837303135373261616339653335663735333133313063393633
31353266363130643632613963333532353034666238643835643533643564323634663330633132
36613435393961306161613166336663326538633734363862653239396364393735633134393438
66613366613732396430393561303239613333643832376438303862653036306461656364326565
30306532373661393631353063626638346234343532333261313964303832356432666538623132
36363536613432393735386630383831623863343633363832623330373939386438353763623135
36396634343765663531326230353065393537656364613434373736333030313361316230383366
30376166633362666239303862333735626232633337386564663162383739373235636163386138
63326664333130386334376232386238353838643533376366383439373539326638636463613331
34363337646435333536373031303961333865303532356466393566653866613830363738353337
62323565393931663365626462613762616232393862663931386332626236616662616532623135
30616234316534373237656562663631633462656565656663373763623665623037656534663561
65363336653730623733353264366232623231353735626135333730383737653166633338323935
30313262333734373065333436356138346433366234633339626331383130353439386530353834
35393634626634323434626561656438376336363633386562333739363863373762323339636335
61376135663635623562343935313863383738633265616436353832333465643266636637326664
66343531353562363135343337393230333134623565613465333666393465313561653437613832
37323235316565646566666532363133343736346332326565626639373436316162303965366330
31376137353165626334393439636239323939656339613963643634393461353235643439656131
38633762383830333832333732616637316135623234636566343263366161636132353764343433
66336663373265313766313965646432373634623733323337653162363432326232383830353661
39353564326238326536386665343638376638373161363431623232313430663238373065663531
61656439613631623565346562663734363561623136316539666436616435643764303239643164
30643364373864626432653036633061343334326666383934633731393265353632633136303061
34633165666135386563373930623532346535653630383465353537306539616564336364313964
39323937356366363433383838383932383734303362646662353533626435323961323731383261
38626666383632626232316362353838343362386334663363643334633235383231626535636434
38363931313137326631663865636131393530636238313133373936633563396635656431613331
30346637666230633930326234663162666235623439383666396362386365616533313133653739
34323162386162613665666338313162346230326464646333663264343965336132326539376333
36386133633965306139363961646136316261336331386561366266353062353163666265396635
66663365383838613862313331636564336132623036646536376632626261383937633830343338
64316263626230303239663331306566653966646361396362623062303237353539613463323761
61636238633432376239316132643733396232643438633737363133373163633964653066363463
65653563313236386466653638323738303334616238363135663038646563366264613336633262
33323362373838343563643634386537626639623038356363336666383164613834663862333239
37386537303330613561383132613136656639323265373961373335383235333466303463386133
38626530626163386132663737396161633132333266636465346265303534333739326339323965
37303138353439333134343935633835636535336264343334306130343061633064646336393862
32643530343737653762613633613961373533653637666637396135303164306633336138613336
38396465306630343836633361366530623739663933343663376565366535356233636637653730
34376335663230373632656231653531366664316235373564613161353834366533623231623836
64626437613938666263346431643462623939613764323932393932623261313866666662306132
64633661643736633036333463623234326363663362346531646663653765303434643130633862
32623234333063653535653135336634613665613364316437323837396230386238383463656332
34333236613137323066336633393038346463663061663633353266613930386564373936323665
30656137653130643666356135306266323732303536646130626338346230353163636564356564
63323066393437383665386235613463643338346561333733333537613532393163303964303535
61343061623339613438313536356536633063383564313937653166393164306432323061363365
36613830623666613337373036353730623935646636666639653239333636626666363065353732
38643038323637663633346261386130383664633134636165646166633339626634653337626239
61643437376634663334363534343636313563346233393639383131353761656131313638313632
62346539366232323035373665623863323862346135363536373163346433346634333432363836
63353461346532343264383165663931323736616137663831643561626230666665613335313035
30653765363162613836386637333266663134303066333930643637616238303562333337373336
62376338613133336365353436613961373064336435366664613031663136343564656538633134
33376335363633623237643430346364626239373531303066313338326439663765626332373064
36373035323433383437623566373230313634306364646438626162363536653737323836623239
39666363396165343134613731643262333461336537303761656132623137333265656334643036
32656135336562393035613034663039663464383161383637393637613839646263643338613966
31653832363661656333343461653039393337336463653663313439623730353633653761333366
37653237393064383431663165643536396232353030383265616663303535383765623136633762
34623366333661383338396263656333643036636237623536333963356435373065633363303539
62396139393639633737396365613136303661373663666566326137623431373937353735326662
65313330633338363366376537323732346431343132393763663330316266373830623963643562
38363464366534383863313163623833383962663333633631663834663561336132303238633437
66666563306335653263393266373364636333376632343664653861303065623530336636363862
63383964353036343666373063616334616234326164373632303365316437383537363464613738
30663933363565393337323761656432636464646233653936343938663636386133623137336465
64306636333436633530333238636238306266323366366436633363303739626362323134353935
61643935363263616530383763356461313235366266656138623666336236353034306661643066
36353030633035343062666532306432643633653765336539306530666430636161366337613931
35633666333031623332363230663336666630613961343631366563376333633964313037326566
34656338346430623930643266373166396362613164633637613130646133326438623038343933
32636162393466666138353162376465316562633639363438613964633661653265333036316366
64343737393561383231336261653162353337633433313566616439343438326132666139363933
32333336303862373439366366636533383139373438653731356531336630343330383763363665
32646635326538306664346162643534363133323662363362353363613562383537363731323736
65313930316634666166663237383761626530363833346563393134303038623238313435656232
65373765636531353161376231313739323835343136323331393961656533316437303835303464
64343137343337353534666531356638353962336331663265333739326437623439613864343034
30633031333234306630383130376365663833653266356561623134366365646666323139613666
34653230666139663238373866363764646433333736663734356361383735373238313530363361
33663033356561373438613466633632633339613466313737666166386662663966616365333032
36383335353931613833626463663666376636303462326561303034343137653064363263356566
37306462383564623636636539383731626134356365656634623034333135646662386635636136
32663661333864663061633531373034306339663930323861346364363462333533633538336164
38663165656434343938336333623838336331383164666138653436663239383864376237336537
66333931613565383866613731633132366534653463353334666565316361316161613963623938
34623764626630666630656332376562376132626334316136653437343564363437643366383735
63623433346665663731656334313330663731643737343730666632643737386461383564353137
65616436393762376437666432616266393035323830653539393630653936336439666538323864
61376565323733386433383336646539376662356538343561663136333862313339653433343362
31613233396263646236393531663065623964663735353839373332616665396637623939636563
32613866333731313437346138656637613161333938316162613262613134333930323663306132
37376530623463653964653362346264356632313636313631353932306334373365383764376265
64613630323831366661353635613631623939643963303539643331626131656534666536613939
66653939303031646461386539643737353137313566336666346333646662323465396464383137
31366339613764333033343735323462343839306266323861646630323635393563383539613564
35363436636566663636313537383533336363323766393261636166306163343033346233373834
30393665663831343731336161643265303932343764356163623531373931383133306334363734
38363165326533666164333737653764636366353730363863643161653930393564633663393835
39646238303663373066633338386366346161303932353066326663386666636361353533643065
39313864336561653736343435653661356331393239626539316339363934386464313162636162
34656536616232616264356166616538363433376539333732393065623466396663656465303330
30636162356634336438643939646361326237656662386235303935326664303738383132373139
64363534303736383638656538623539363032363931323233323265613230386639366139386337
31343433373164646236313635303030326331626539363631393036626233353331373835386239
33646565323230303636333833316265376632396534626463643962613561333238326365316433
63383462663464306362316564383434623630383638366166346364326433333765323164663532
37353533663865643336666362323332356537613035316335333366313164353332363633643732
39343363343932343031313332306164656339613363646230373935323762626232306135306563
65616536383135623963396238636666343461613831376636623165373862366533316365346436
32333963383031376235636631666133303965303764306133393138393463626265323535383965
64376133623730363332323638323732663430303966333933643638373564353464353530616135
38343866623934623462363661303632616234303465313039653034356232643332653534383363
63376338303434363337623062376165663039373838376139663038623135393965316436306664
64303938356439393139656339636231343439336631333564656362383732333630653839353761
36353064356266323362343537666564323533303631386463663934356162316535346562343530
63623630656562363532356139343866356533643737383963346135646236646265393339313334
61306464346339633337613732633966336337393039666536333136356566393738313364623535
36363065653461306537633834363536623066636236343438623161326430386565656630613164
65653139353232303538306439613735393834363166303564383065346165356530623563306366
32363836653962383062323563373133333630346366613835636133346237616634306235636138
37386138333539366466323837343764316434643766376633353535383363653632383334636464
63333731656264633737633263393930633038396565316262626637343130313031356239336636
35353838393831666264393763383235343366333338336363303438313862633031623031653232
39376462383435383863333065663633343330343963343831653837373963396633663534323036
36616263666163363138393633396433386265356230303837613438323335653734656266316138
36313762656561373461373139366136373737313831346233353036656233653265376464326132
38336631643964623334336663343163376666623532373762336661613030343530323135343963
36356164363935346339316662323363626237653437353763633562393563336638353135336630
31653633633564373039323537376432313932306230346566336630356433363932626362626562
30333563336632633131393439376363333339396339363730353834643633343736363032343139
65663464646234346165393832306534633230326165653963383863396636626231323665346262
66333661646161663963363763336663393264616362623166386535623061336530376632363864
63386366386462666263623833323539373666653737623534313530666566353731303838653631
35396532356466393730323064666232316334336537323039393264363730306130333632343661
31343237643032336435346633353961373237313635353233616337343163383666656331343437
33356437663837323766383762353564616133623066396630626537633062333732343666643236
66623636373664616137363533303031363836663735356137373932303365616231316261336235
62393337336231383536303332303463323166303062643436633563346362636661666136383033
64366366616566613232306134306564306463633030316437663230386162643731633632623365
35366532303238383933613433653065643538623336616261613363666364613937353739623366
33363038363231656362643164366635326230323939363465626131626463663464313466653132
33326662353061313639666638346162383539666535303638373066373834326631316230656463
66383338363332333239393230396166623865623836333238363638373138323739646264643532
30326165373063346631363938393361613434396661626337343934393235663533303630306364
32323064666539653336663236306563303936383136616431666231303136663237383565623231
35376236383232626535323365383830383334396364333065653765626632666361363565363136
30336336353765313738333065373261376639346439373039343161346137663035373130633533
63343336353639383433383531396663653664383336633430633533653136373766613634643738
38366434393632323535366639616466333362336434613831396234373265396338666464643936
37616261663931643764653363643335376231363032313365363339356532646631643236616164
35393533333832313735613761363434356234636466333535656461333432363462343563633037
65653939333662333436656634396431343833353361613765336139623536356333323663353135
64393938396265316165373637393437633832313637363463623463333831326637353139666361
61383232396239636463363262353434306339613230323333383663666165663135646431396630
38623661373862623738326630366236383730396266626465616161626339303461393261303231
64396666626565323739333839316466323539336232613636646133323835386139363432366431
63313939613033353633326265376234393435663661663661613464343935643835303133366236
39643065663737396164623335306439306562336232376338613731383432656239376230656233
63626665653436333261316236306633336265306539393061313661653237343964313730613363
36376364616465663734343739303536333138386566666433653731353333646136343661393336
32343563633331396536366662636664643362353034343066326338333936383436316465386264
61653638613964353663353966346161363330393266666239313237343161386563376430383739
30326263363762303736353966623838393530313063376133636666666534646132386538326134
62396364656164373466626130346330393764343064633733656465373233313661323836363766
32646530386433373539373638393531383630356461663462613531373238663836653166386461
34356163646632343036376133383961663761343636333832363237306633633438383466666338
61646332633833633733653839393933323837333037663464343562323733633863303939663837
34643639353561393737663463666431343362623130326630613732393666613465353562646331
39353735353038313130343536356238386132343966336131376563313065396330383932316330
63396363316638663334326565323437663232643466663366343837616463353338326366376530
34396461383033663230653864376432306334616330626133633061303161343734616461646466
65663437393630336636356231613839633538383864626132363337363165613238643562373135
36653831373637353563366261326364383730656234353335336331363530383736626365343634
39376539356135393737343433663031306239306464343866313262653465303039353161616230
39623163316236653165366366316532326161643336376165626637303664663364633365323837
39393939313365343761316163666333316232363964323739373737636161343739646566666337
66313461376235343266303665356462353064643062386231613663646531656663653661333861
34373062336361643833363762323536373638353866346366623663356164356639323761333130
35633062346434653334643336663534366230626130363863663932613262373738373862306266
64653830336332393137316332363430336332346366343433306562646436623333316436633637
32363534623765303631343830323565353632396136613839323634653365663237376237303764
30323163663636613166656332643639613039393866653534613335666363366365613130636432
39376366386235393737323265303438656636653561626463636438663938363161306431356335
37623530386661626238663238663135353330323562393632353333656538386337616165306639
66336463626431323433653139393336613238373631323338343432376161636165333837666461
33666637376439626430613562666161366232306637306564313633396162663633356237633738
66653565313462646565633335663866343639363438653332373937623930343332376636383662
30636336353363333239363236383563643836323438613866626339366537303131343661623231
64663932333230643330366632626132636134383663386334616363633731313239326663666563
62633562633936373365616139336565333637316666376235303431663536353532336630613932
31316234626630323235363864653530373831373861333834653839653134383432373565633063
66393431653930646633623431303530646633333636396565303734363135616266333262316235
37303537336631643264303736396566666538356534336534376230666535636564363533393433
39376439306364633164366534633436336662656133326433373639346363306564386136373837
65383738653966323830396433626435386662626565313838326632323262363163396665396433
36626236373161643933633861643166383861346437663438343939396361303062616663343961
66386538666166346638303565633238313233656338336562323064343061633132363661663361
31373162663163623663643466326636663630323839353733346337336235363538613835343933
30613839616130323436303165356532363965393836373361306635343533346263316630356163
65313666373864323634353366346531353731363338653231396136363531643139613632386332
37633066316631623231373366326537386564323965643431393932623638323934653664393361
66663939336436306663623166323939613739363636356263666664656365343863646164303130
39306563326237326365323364373462326139373835353161326237663130663161386535343037
64376236643162356366626365303233373539356337656330323962373035353366373462313030
65366461393130366334326232333366373833643162376465623831363333323661643233316234
38373432303162376637343639636639306263393266323633343737636433613338636430646265
38313531613563303436626137386134363934383637333538343835396232633766663136383262
62323561326339666638623662656530313232366563333262363733393238333335386636393631
32643665633030646637636262626263646163323865623334373534356265623366373639666466
32316338363531316261643439363335333934363666633933646363383731316432386639366264
35626437333136386633366462633763373862636463393565303464346531343330653966326433
64316633633234366663646136613662623234343363623531393235616231613131663463636532
65396530336332666435646361343965663532336466353338343163663361336461323863613036
35313536646534373639613635393966366538363136333862373032613964386632326463656364
37353039313666643436353561353262363233653565383936646132383064326434333961613239
61383438373930633034363565356466646331323933633933656337636561616636393532326563
31623238386237396231666133643830613634383839316432663137383735386662623433323861
31323434373464303934393465653733646161383166383738303065663962323464316662653766
37633566326461623732653033383366323566663862336138303133386563303630336664643031
35363261363761646366653932366165346533383230353865386261343638376361363065653332
61643332343831353561303361666132376661643630343761666163363934333762306264336165
37636631613336303465306666313733363937626430333165363265336563393535353235623266
32386433316462616237646565313739306464666364623230373766653237363131616134383239
32356135636437336661663336626332353261366335373764643437623931353864343932343164
66653764326538626362613963323365326566326635353165316561363035343133363564356635
63623264356337643466626135376537636664363864356164326433653634366139653432653261
33356435633038663636656634316361333631373463383663643836626430636566646339313337
35313766306235643865643834356535643962336239653335336633636365373938366238663961
65316536393939373364336435383966396633356235303963316162383037313936326537333064
62373664633036366564383865343161663163313661653332393033343037633838616530396366
32333066623137306365356261343839623639386530353936633063343633346236343462323137
64333630333039623633366464356339373866363066363535386464353566323339343333313266
34303836346137343465656361353236333231303136653931653862383266313261646332383663
34626536326232356362386338363836633133633131636439396135636638316635636564346536
35666238326534333036326231313636633362363137633636613961366566323737393531336233
61326139656661353337633139373136656530633934306636623964386433613632623862626564
39383364306361643636633432396533313733623666633562316434633434666461326364396431
30616530383231363762346639313739643666636663313236366536623133613035616431323534
37353664653263373033396432626238303530393065373531353761633431363834663537336664
64383030306433626430316364616533306462323030616361643635626565333861333065383635
35313564393961656561346632323565633132343965393531313030393461643634393836643963
33663563643631353066633330323966333262353564383034333463643366386163343039616465
66353831663635623237626162643664306366643138623234323130356462343232363033323062
38366533643132336630353266633166393861383566366338303833613365656161313130663830
37633431643865306336663737633434646333613730323835313733633963303866336366363462
31356365623337366338633831393930356638306434653132323739643135383763333430613134
34336433636632386263366466616163326262633431633731616461366165353832366335393432
62383433646166643637346464646331306466383935373336663838346666353363373338646232
33666530383762656162373939323463663237613665303761663330666537623665313930353130
34306664333266366365363933396564306463393134666162343636396366376433353635346332
39313938333266636139366631346537666561643335306165323762626365396433393166353539
37626365396437386138366266653966376633386439646163663861373935356165383130656432
66356464323663663463326533626339353361393232343533346163306433366538353666313465
63646562343538343463633266666339653631663238333032636331663763623032643030653638
33613339383365626564386263396534643837396238663665363534373164656538306464666134
65396532386237336166623434666162386361626138383066313735613736656666336333356135
31633836383535643061366661643964656366373733323630336165653434303664613431323365
37666666313130636464333631666462633135393861663738313134393764396635346432386564
61643966666164363034646366356630646561326331383664623539366165316563393261316161
37373932303638326566313735636162326138616638313037343031363933646131643062343732
30623538656130623062643130613132316335346339656538346163636565373666373662666435
65663230656533363539643437323935393236393037313030656564663665396262636265373263
32336362623764346237366232313639343533633565383339346239626266363036616336363735
35646436346633663930396638393530323134336335653832633365633235633936626362396333
36386538663430353331333036623938306337653039613133336262376665313262383735623536
63633736613364393232303661343162383636323662313736323633346339346237376366393161
39653136666435303461306362666639333030353433633764633861623533343230653661653030
36613965303533333661323935356336366430363631643465626464303065626264353239636465
62653861386464643539323563346662373339623566633065383436636562623163356661326465
33343133353362393336633362313461383036663539393030653963616365396237373732383831
62376536613530646332663861633331663365616437316335633837386332376432353134613633
39613035353034663439393466313238643435653763303462366336656338376365393961653264
37396534353165353433353038326561636563313463613135653361633763623732373932343363
37633763333465356138623361613661373562373635653031396663633664326337616531336664
34333836326265643339646463663232626564613439363232323133313161663339303066306230
39396636636631393930343037633761383337356233393965366562656564316536316631646533
63323234663337663439323865313661353463663035313339306331336663663737393537326661
65623236646662356632643035643562306433313862666265373834636436383531613137383062
32363136633938653133623730643662343631343162633835363066336233383430353239333336
33343430336134643634353431646134626631663338356530383861303364356431373165666366
65343431336430666132623535346637646564346630613134326632356264383539306436303234
32316666373363346632333265633130653966653061623961643535326532343165356566373765
30626433613265323164343862626237313663633139373031636164353737666433353966316363
30303833366464626234333363363064333464353031313530396261323339346464343830643030
66363062356561303861653932363433306438306631656632376433393961303631653036303461
62643263326136306634666332353162303036393136616535383637313765376333306664623062
33353037623831303937323937323261623566336361333232626433653339663165353535386239
33366465656563623136333131326337636338653235636134373535353861623835616134353438
33303036666132343337636161656462656332396139376663623636653139636266623861613263
65373535636638393534326236323434373835623537613565376361323164633664363239373036
37313538623039613061326662633861643961333036383437373630646634663331346239336234
34393439373934326461323866323738356336656139636335313862303764363931396635613137
30653037303331666232323335353739303766356231343564626134383662343839653134353161
66306338326661626631313133613232363032633134626335333865666334333662303736363366
36356334323266643633333331616433613534663939353631623535666338633630663938623134
31396561633137616366313036326465313261393938336535646230383936326136323133373266
36623266666530363961666432396635636163633533316163313837613766346262393532653336
63386131383838366234643130373438663363316264303761346235316336656237376463663832
66313639326463383036326431646638303465663361653334346535663965653037303135613338
36313633373763623438353234653139653832386634333363356563616139643965386431313837
31386161373131363434656230326462643030366165316366626563373261663033383265363861
62363564333138326335336436303061383761373137353561623562333436343063636439316432
36613330373135343438303635323936316663353534653039623865643833316633303435613034
34346464646161646332363836626464646538666537323939663862333338333661306264646263
31383439626535306163313763333762666431343762323339346661363434356364626162313061
63396338353031653134313431303739363338353235663562326230316636323961396231663864
63343237643938623531643635653136323864666238346234323434656434636633623130316166
39376336653662356333383035383865613132646230643738363932343461613362313862383134
31353664383934373430386466616130326263643063383165643864363361643230663661303638
66643237373361363532326364306562663664376230353865343361383566316363616638336136
39323739343663646462666530656139333834366334613761356435326139636634623937323964
64326534623230663031323866383136643533343232393031373463303562373661353835616230
36656131393663336364623565336433633830343136313339313435353935643136336661363131
38363934653565663763633239626637616537393864643933636564303662663930643532326530
34663739626161363235323431383264613333313735333837633631333733616430356635656135
37333962326439313131373164326635303265393233356536636534363235396162653132386565
62646364396139326339633132383237373538336435356333656665393937333332666261663666
37336438313539363930636536636135373238323062363533666235313336666335323162383834
33383136336465633566363737626165356336356366343134376132623261383161333264363135
39333766353931313765346232393634356662656364643536383432303766636632346661633338
36393834663162393634316464353165663236313161363661316632663232313333663433343632
33313339336237343065383262303539653035306463383365356162313038623436633166326436
61646139633237326365643065383466356462306538633737356630656665396265663332666237
31363130643338623138363263356339633331633837343032376532396365336532643336376462
32363135626639663261663335626565363863613333333437373562626637313930646237363866
66366633656137363263613964373035666133343133643164306339643633326339363931343866
31333462316262626635323037666139323636353536306561633137326661653231646563323762
65343162623130656239373734306365303365346439653436313864623936393337656530643864
65626661313434303335383462376435363538313439336166643165393764376661633938653233
39323430393432393536623561613538376463373935383838623033343262636664393531326438
38366466343163666462336133626338626163303635663635623061346431643530313539626465
39336161336532393135303537343932326134653632303734643331326233643261333765346337
66346136313363343934613063623061373737383231656535663238616438333638646438613734
39336564383637353639393534366434343832623637373038396539363630393035303637626534
38383530636339346166303161636134383966313836393765646664393962353566373432313830
35656464626364353338386431663031336163393434343962326239633038386533656330383262
61656338343937613963306438386333333133656237653563316634316566313432336339663565
37623066326434323737643566633936363236393666613235653866633562643462313232636362
38666439623236636339613137396132396566393735656436623434303235663034333835393262
66316465653434643761343330663832396237393231393135656635393631303866653938376630
39326338366232663661393139646632356631633361363162326535623262346639333061666537
36656136396638323865623835363730396163303164626438386135666239323137336166356166
34323765653333313335636363346439343462653665643635356338373830633837636364383734
39343037656334643763346635363138363762303266343233343436653261366365353361316536
62383732363966306563393462613033643039313965653862316231613863653865326165326463
36313661623566313930373364663964636538376332623434306639343562363230303061646664
38396265393465666435366263386465646435646361666536373662396635643961353461376333
32613033633564346539653764626538326332316432623336616138653138376631643563616135
65343533613839363165366431326562386137393938333636613230376431333234326238643133
31373061346466353833666337623266306139343264623532356262643632333131373834383535
32323065343764633133336662376565373932383166643966326233653039613964643663353830
39616535356333353638333137313533346236623864666264316363316334393163313232343337
33653965393139313266363333306532336363306330346266376332316639386561663238323332
35636337373339613130613737626136653762666661366233363436656462643936623232626665
39643865613531346231613433356438383363346435663634636433386362653134323032363961
63613030346236306138316238653233653861313530353765663435303435623138373262376135
38303931303539626435646166303565363665643963633830353438393632636465323830333532
37373561363334623230373939336663306464313734353862333063663632353062313836363733
32306564666461656264316331653563633538393530303030373262316161366139383338656462
37376539373032366666376466336466646332653562663038346339396435623362316564363365
33386361353634643732613535623162373362653764376130636536313861626263613862396166
64653761346663626130623839346339626565633166383233313063653632376131626564343037
37306435373337386666633465653739623662316464663030613137333365393762356534666338
66303963666539346265326635643964643139323765333466373631636666353539623863633631
31323234356461356137306363396631646465636531313638663365343462326263343964313361
39396236626162326630366139623931383535666533306561376335613665346238376331333336
30623531306630613333623631616664663030356465333434623134313836653938336637313063
64633163366339626361373439396233623739633761396332383437353131613165656431393465
61653562643664323664386434366465333831333861323939623365646532383862666332386361
33393332656231396230383232666438663331666339643233326265363034396436306361646132
65346563366633383831626364623131393464323030396233616161376537393139666663303462
64646132373866643636353563666134626134616466643436363830346439623932373536363438
37656637396566383033393165653864646136366134356639623566303862323439383663383731
65376233333037666438616161383531386161646637646361663731316237383962393135373161
62663166316130653738393339323464303064386433633635376666646538623061333066616234
36353738303538326462373330306638323832313962323466373766353238326536353064366163
31386431623966646635336136303832646430326235326265646638656261313537663431326463
30346331636434333861376631663736383461616562303766393234666165373236393463303935
66333534613536323530376664663032333461636364333566366337333263653161666266373337
35313061666164333664393336653537393765323739613964393733313162326666363966636566
64313438613761623834636336643738373831366130353961303362643432336238663361626663
62383539656563656634633032663262336332303931396335393564313933373132346138376461
61386530386365373665326334393461653031393134343163343635306330343737396238383538
32313230623932646434646565363361636665653031656264623561343135366261613832613131
38373462383663626463376665626332326539646666333462376364346232663632373461623831
62613462323661633532383730333164623336636132333864366165663233653938663435383839
65666262623663656261316230623437383735366335643834303735333166623736363130656639
61663165653430623132383336306264313761313033643633623661366439313165356366313139
61636366643438616361616461626665333762396432313830643739396231346437333539666431
31316362636366393038313665316365316334373433656662633134326139326463313835353535
37396536396234656661303932396433633431656436333138316436616131613366396432323237
35653838313165306138363534643062633566663039633561383233643062636435636338326338
38373939303461613666316531366563373737363062323166376137343534663533373938363436
36623734616637613832383035393231656630626238343466353238613631343863346263373363
36346564653037356662643838666661663735643338623337363364333761386663616566643533
62323438366639383938613039386234336133656637306534323435656666376165306464383765
35383164653663653130396137636637336637666266616535623766363934343031333064343737
66363038303466313233633163396535373561616265636163346634666534636662396366626431
33646563303937353136663531313965666462393533633864666339623166333135346632663365
39633531373963383433663938646234386562623438313036373338323231336564363462633332
35653562613563643833623064663933373439373832616338306432376365393036623131623461
36316430386630393736316134363238396362336537356365303033306332353636653131653563
35376635386238326130353338646166346364623735393035303832393965383533333130653939
64636437373863363338373336366230616230653535623463653235346562326134613734363135
62616364323435356134373663366130633563336437643634316232663330353136333230666566
62313330623665336538626236653739343262313561333533643462366231653961383434303565
31616366383264303332366532613262333963666433383861303232373766363334636531663262
39653633643935346238393132333163343238326637363937386535666331386165393436386561
36383562303635303764353036306665373664646164613237623166306231663431356564666635
62666431636231666261336365383736323732396133653439366631373362633630323431396235
33366630383832353732656436666462396562356662303635613934616430663161333461353764
38313137353964346635646436653939356162613263343361646363646132323765646137323066
38343332336664653664353434386337303332353532346561343936646237336332616339623833
36326337316465613563613961313061626165643730323065356234336335386435643761393139
65326561633634373163643130346233623437356632623932353033373232373231616234363833
36626661376565376138323638396166613535656232383236613331303235363363636666356439
64313435313762613836653262343736623365326661653934363732353831613961633230323332
65653334333337396465316461613837653836326162313634383938633132633166306430613962
32366633303363636534376462626436326535353761663261666336373735383236613239323030
37643531303062343333623236373864363031643266656439656663623137313733383666343538
36396633376136646539336264346662313535616335303335393363633163343463636365326434
34356631323437333264346139383136613038663862616363306631323364663235633233313963
35376635626538663438303066353633663738636437626666663662643134633834383662356466
39396531363438396636396138323763316162323630313837383737303761366530666237633266
63306435666639376539323838363931333530633038653435663835376235653332383635376439
66623739323431633730356666373237346663316432383462666337343930363636396237643866
64363534336639376433613034336136656631303236666131333036353664306230353536616131
34323461306332646532343730363434343630616139356536323264653839323063306239376262
34353130633334303361353937343634316533303338353639316265373533356236663831663536
36643732333439663534336538363465316339343661303465613436383366306339333233626266
34353734393962613666613435663138353738353130363639306632333266616234643933333333
36636539636362363835333132383939376261383361333838333731636464303264336666643432
37633932386133663664363166303065373063396234646632613232646333616363646335376531
31353465306538383266306534326531613034616464396365633862396464376231363233393663
38643661663138306635616561343134663864303366626537303734323435383839653733636133
62663566346439636161616634613162356165323461633264636332393065633661663433626664
37316336323266316339303439623130616662316362646165373039343065376131356562343034
64306335666136373530303835633439383232336534346165373064376639333665663638343938
63303433646362383039656234613836326562663639313432646261323734373431386536326332
65316565333736653264626239323239616364383965616366343662363936626564396332336166
31326333363733383964323965313638613764313934353039643036666366633434323962646539
64643363393166393963356361393931333930336335336435656334313764626638306234376466
63643866646339363633353731633636376663656631616339386463333136633232306232306462
65373631306466653430613333376464623038333063363131346162333466373435623062373436
30363138663534306538383762656530626466386432643430633135323031316461393638646238
30393663326335393337303230343666306362326431343738353137633363653134376630653330
34626461356339336633643264666530653037363830393062626434366432656435663435343065
65366664353962346131323964616437663333333937643366623362616562323466626139646366
34393066333534323063623266343934303734633536653561663435326530316461643736313766
30613638363863313037326230636266613065373836316236613838316538306565393565376430
61303633393864633434393966393465306263653762613231663037313739626665633630383262
61303838663036626661636330306338323134366236623930646536636238323034623736653138
39623837616537633165373030633333623133376336633834326261376435373263613364666334
61633436383138343539313738616535386235353931613636313034653833326464386636623235
62656562353134636566653132383164376466333137393835376236373761363762333463663931
38663966366137353564333533373932316361383638656539366136636562303065353831396166
65343033306130343830623337663361306363363964376334393662313461373137383435333431
37346530643336303932306465656165336638386330636530326463623133326233316632623334
34336234366337353036313230643537643863376236376434653332363663353762333037346638
30383635303264346635326263643864663131656437623534663033383630383165653234366661
33616138666131373064313236396633643530623937313539396633663839356133363333366238
30643135613139363062626362346561373461623834633835383163333863363938383238373361
39306564613562643062633732636136373332633736633037323064646139393065643533376663
36656665313231323339633035333836663164323231313063633834316535396564393966613461
35616239353131316531663432373537363037333638633135383964323339393461646465373035
31383031613739303934663637323037366465346331633038323830653635323966336138393166
33613131643261386331333633323861626366623031656661663564313438326534376337643131
63343266376134393238306535663839366462373463316261653964383133343863303031393562
30616161373564656138323263653364383963306432636536313537636363356263306666613933
38626231303035383535623636366234333761623663636633303031313031393463303563656133
61363764383635363330363464303963386531396665373133383039613763323435373132353139
65363866656465343232636434313734303661373536383836363739356333356139303737303165
32656163633263306637643664646130323665396232303166663266663064343062306265636563
33363561333939313566386335653563343738353262313262363732653032396231373162353531
64636137376639613965343837633161353934636539616361336136343431626234663336373438
33666461666239393937356432386161316661373338656331366233303539303631383233613033
65373539656165303633633061383166636332633339613434383866323930666435643534303839
34303961613836656664663663306537353564316635356261353738656436623064313335383864
31633531623030616661613066666639363865393066396464313165396137613961376535393739
64636234313736646165336262633638623739383030613564613830373865336330343362393362
65656564386163386639626162613734653632333562633639666330626331316564626166623639
39373334626632666130336234383934636338633036323465393938626134346639633539386662
61613266623066306462633337383636343438336638393862343434393837373538373333306233
66343361663336333734363663386161303932623034333235626339313738663163393736373661
34353032616234633762316337303336353339663465316364616532666135303631656233616265
64633437643066636333313935376530323266633164303261376333303032653537363036396632
63396130613939363235366464353832613237363363306337633937663634313236396530306164
62386134646365313032316536313931363364343139343731306231316630643932636664616366
61373463653535313634343465313734393165366462383731303837336361336461316630386330
38356638306161373733663131396333383162656366656265666334383435353533326438336339
35393839663330343637363465633235333339363631363637366231376664396362316536356632
33616132646332326565636363356330316161643462353963323034353334646334653430346239
37636236646635336638383132373631633333636634386261323363363435666163663530336639
39333262313437663461303063633430323364303034363564643434393062643530383830643539
63666237666136633030366535393663636139626136313163316463346338323031663534343562
31613566346330363363613563303263333432326364333966653166343735653863306537386338
36356133366537343836316564653235616665613162633031396232643265386538303437656261
64656131353863343534383162633262383331363839356533633732383632623831643632356664
39323834373561316230393366303139373262396233373638326436373435626661633164383332
62343339623037666537383938643433313265343033636330656264363034326562366433313865
66336337643333393836313430616365346362636132393032373963636433626266383739333734
32396334656435393562326661646262346465383837663663316164373333623131343338336330
66343334393331663738346561616662393639343138343330343064653338623930633464336132
66623665646336636538653964313064383962383932386636353234363130333766373639343730
62366463313930316164393365666138373464633938303439376231323236326234373562396530
64333733356438306662373365626539376331386537643530326630366634626161613837306663
36353939663661306639633465333234613466393630653466316432633134326564303231613739
39326638363532363530373564663331393338386633623964363066333438306630616261626334
34343432366462316138
